//Entrada (proxima linha deixada intencionalmente em branco):

5
5
2 0 3 1 0
3 1 0 0 2
8
1 5 0 6 2 4 3 1
0 4 2 1 3 6 5 1
5
1 2 4 0 3
1 2 3 0 4
10
0 8 7 4 3 5 1 6 2 9
0 8 4 3 7 6 9 2 1 5
5
2 4 3 1 0
2 4 3 1 0

//Saida(proxima linha deixada intencionalmente em branco):

OOOYOYOYYY 3
OOOYOOOYYOOYYYYY 5
OYOYOOOYYY 3
OYOYOOYOYYOOOYOOYYYY 4
OYOYOYOYOY 1


//Entrada (proxima linha deixada intencionalmente em branco):

20
50
7 11 1 8 38 37 31 46 42 36 9 43 34 13 41 2 26 22 33 19 27 4 28 25 45 24 35 18 15 16 39 49 5 29 3 17 20 14 0 32 44 30 48 21 47 6 40 10 12 23
11 8 38 1 37 7 42 43 13 41 26 33 22 2 4 27 45 35 49 5 29 17 3 39 32 21 48 10 23 12 40 6 47 30 44 0 14 20 16 15 18 24 25 28 19 34 9 36 46 31
50
45 14 10 30 11 39 20 37 16 31 1 43 23 34 9 17 25 2 15 33 24 5 41 27 35 17 19 26 13 18 40 17 38 22 28 29 36 32 21 11 7 3 12 42 8 0 33 6 4 44
45 11 20 37 39 30 31 16 10 14 1 43 23 9 34 17 15 24 41 5 27 33 2 25 19 17 35 18 13 40 26 22 38 17 28 29 7 12 42 8 3 11 21 33 0 32 36 6 4 44
77
5 48 11 27 41 44 35 44 19 42 4 18 7 5 20 28 24 5 45 37 21 31 11 5 49 2 17 2 33 44 36 44 26 6 44 25 11 11 44 9 29 23 2 32 30 24 40 5 47 50 5 10 11 9 31 3 50 15 38 13 43 8 22 46 44 34 24 0 39 16 12 14 11 1 31 5 50
5 41 27 11 48 44 35 44 42 18 4 19 5 7 37 31 11 21 45 49 2 33 44 6 26 44 36 44 11 25 2 17 11 44 9 5 5 24 28 20 29 2 32 23 30 40 24 50 10 5 11 50 3 31 9 38 15 47 13 5 0 12 16 14 39 11 1 31 24 5 50 34 44 46 22 8 43
90
35 2 2 76 8 29 40 63 13 18 78 66 52 47 53 60 46 70 72 42 20 37 45 61 17 3 49 56 54 11 19 71 6 75 25 68 58 51 33 18 57 4 38 7 39 28 1 48 14 22 75 59 67 16 18 39 69 50 22 21 64 43 37 75 15 65 30 44 31 36 0 34 62 18 39 12 27 5 9 26 2 10 74 23 77 41 24 73 32 55
2 76 40 29 8 2 78 18 13 47 53 52 60 66 63 70 72 49 3 71 19 75 25 68 6 51 58 11 57 18 38 7 4 28 39 33 54 1 56 48 17 61 45 67 59 75 22 69 39 22 21 50 64 43 18 37 16 14 75 37 30 65 15 20 0 34 18 39 62 36 31 12 44 42 27 5 46 35 26 9 2 24 41 77 23 55 32 73 74 10
83
35 78 44 52 38 68 64 27 73 53 48 10 40 61 4 7 69 37 31 25 14 80 18 79 13 70 50 59 36 63 65 56 39 17 66 55 51 30 49 22 26 32 29 0 23 71 77 19 1 16 43 41 54 57 72 62 21 46 5 33 15 60 47 28 74 45 42 43 8 34 6 24 3 2 67 12 9 58 75 76 43 20 11
52 38 44 78 35 68 64 27 73 53 48 10 40 61 31 25 14 37 69 18 13 79 80 7 59 65 63 39 17 66 56 36 50 70 30 51 49 55 4 26 22 32 29 71 19 77 43 16 1 41 54 72 57 23 0 62 47 74 45 8 43 6 34 3 67 2 58 9 12 24 42 75 76 28 60 15 43 20 11 33 5 46 21
59
5 27 21 24 7 16 14 1 9 9 29 25 9 28 5 9 9 11 27 17 5 9 13 2 8 9 22 30 15 24 27 9 12 18 10 9 24 20 4 9 9 19 27 11 10 24 10 3 6 5 0 16 26 9 5 9 23 27 1
5 27 24 21 7 16 14 1 9 25 9 29 5 9 28 9 9 27 13 9 22 30 24 27 12 10 18 9 15 24 20 9 4 19 9 9 11 27 10 24 3 5 6 10 9 16 0 9 26 23 9 5 8 27 2 5 1 17 11
50
11 22 24 0 26 16 3 2 34 39 37 31 35 9 33 18 36 3 5 3 20 17 1 23 27 25 32 3 6 36 12 8 3 19 3 36 15 28 3 21 14 7 13 10 36 30 29 38 4 3
22 24 0 11 3 16 26 2 34 31 37 35 9 33 18 39 3 36 20 3 5 17 1 19 3 15 36 28 3 21 3 14 13 29 3 4 38 30 36 10 7 8 12 36 6 3 32 25 27 23
53
20 20 21 1 24 30 27 18 24 17 0 11 5 29 3 15 4 14 3 7 26 20 19 11 16 19 8 25 22 8 9 24 2 11 20 11 21 28 12 24 10 6 8 11 8 11 21 24 23 13 11 20 12
20 20 1 21 24 30 0 11 3 29 15 5 20 11 16 19 8 22 25 8 9 19 26 7 3 2 11 21 11 20 28 24 14 12 4 17 24 6 10 11 8 8 11 24 18 27 23 11 13 20 12 24 21
84
1 26 53 30 27 36 54 34 19 55 8 35 61 63 58 1 15 49 22 33 0 16 28 39 60 51 59 44 43 24 14 1 53 13 9 1 26 12 57 41 44 13 65 31 38 7 51 47 3 18 2 40 42 46 52 17 30 50 45 21 64 11 45 10 51 6 26 56 30 25 13 4 13 48 26 29 32 26 20 23 37 1 5 62
1 26 30 53 54 36 1 58 15 63 33 22 49 0 61 59 14 24 1 26 12 1 9 13 53 41 57 65 31 38 51 47 18 40 2 3 46 42 7 13 44 43 52 44 17 45 21 11 45 56 30 26 6 51 10 64 50 25 13 30 51 4 13 60 29 26 32 37 5 1 23 20 26 48 39 62 28 16 35 8 55 19 34 27
70
30 4 36 15 18 33 0 37 13 14 29 13 33 24 16 7 27 25 33 8 1 9 13 13 34 36 5 1 1 12 8 33 31 1 22 23 6 13 38 26 31 25 19 36 13 32 5 31 35 27 13 20 0 28 2 13 10 11 21 0 8 22 3 17 33 5 5 27 1 27
4 36 15 30 18 13 29 13 33 14 37 0 24 33 16 7 1 8 13 9 33 25 34 36 1 1 33 1 13 6 38 23 26 22 25 36 19 31 13 5 35 31 32 31 13 27 28 0 20 2 13 8 12 5 11 10 21 0 22 33 5 27 1 5 17 3 8 27 13 27
50
24 18 28 11 24 13 19 12 13 21 6 14 1 24 22 28 24 15 28 28 27 1 18 24 23 5 25 1 8 7 26 2 13 18 3 10 24 16 11 30 20 4 13 0 19 9 17 29 1 1
11 19 13 12 13 21 24 14 6 28 18 24 24 1 24 28 15 28 28 27 22 1 18 24 8 1 25 5 7 13 18 2 26 3 30 13 0 4 1 29 1 17 9 19 20 11 16 24 10 23
84
9 23 53 23 1 28 36 0 24 14 47 0 44 19 41 25 29 3 11 47 30 39 14 14 38 38 51 4 31 48 18 7 37 15 12 0 27 16 2 40 45 50 21 0 19 23 38 34 38 38 2 32 14 37 13 49 42 17 10 5 28 20 6 35 8 38 52 38 33 22 28 10 2 43 35 38 26 28 46 32 2 2 0 15
23 53 1 23 0 36 28 24 9 19 44 25 41 29 3 47 30 11 0 47 14 39 14 14 38 51 4 31 38 18 7 37 15 48 16 2 27 40 50 45 0 21 19 23 38 34 38 38 32 37 14 13 42 49 5 28 10 20 6 17 38 33 52 38 22 8 28 35 35 38 26 43 2 10 2 2 0 15 32 46 28 2 0 12
69
0 36 24 32 5 16 24 25 11 35 13 29 30 26 25 50 34 25 26 4 21 26 22 38 38 43 38 27 12 40 47 7 20 23 10 28 14 37 39 33 42 15 18 31 46 44 29 24 17 3 24 26 43 24 41 25 24 24 1 6 24 9 49 8 45 24 48 19 2
0 36 32 24 25 11 24 16 5 35 29 30 13 26 50 21 26 4 26 25 34 38 12 40 27 47 7 20 23 38 28 10 14 43 37 38 39 22 25 18 29 24 44 3 17 46 24 31 15 26 42 33 43 24 24 25 41 1 49 9 24 8 24 48 2 19 45 6 24
92
52 47 55 41 3 10 16 59 54 42 34 58 62 39 32 72 69 68 10 17 50 27 60 28 18 11 26 64 16 22 10 31 70 30 37 70 29 4 19 16 70 64 53 39 65 61 51 15 5 71 7 16 56 67 18 63 70 66 2 38 5 70 46 44 1 64 51 9 8 70 45 40 70 20 57 35 25 0 6 33 36 43 14 48 39 49 24 21 10 13 23 12
52 16 59 10 3 41 55 42 34 58 54 47 62 32 39 69 17 10 27 18 28 60 11 64 22 16 70 19 4 64 53 39 61 51 65 29 70 15 18 63 67 56 16 38 5 2 66 70 46 70 7 71 5 44 1 37 64 30 70 9 51 8 31 70 70 57 35 0 33 6 36 43 25 14 20 48 40 45 10 16 26 50 68 72 49 39 24 10 13 21 12 23
97
56 65 57 13 48 70 30 57 37 25 0 51 18 61 26 7 57 2 17 16 45 30 6 34 23 44 47 36 60 67 50 38 9 31 35 20 36 57 52 20 4 14 19 43 42 43 46 12 9 43 66 68 27 24 62 37 40 5 55 8 2 54 11 36 64 22 3 20 43 69 41 39 34 37 58 10 21 33 20 29 28 21 32 21 57 49 8 53 31 24 21 0 59 57 1 63 15
56 13 57 65 48 70 30 37 25 0 57 18 61 51 26 7 2 17 57 16 45 34 23 6 30 44 47 60 36 50 38 9 67 35 57 36 52 4 19 43 42 46 43 14 9 12 27 62 37 40 5 24 55 8 54 2 69 43 39 41 34 20 10 21 29 49 53 8 57 31 21 0 59 57 24 1 15 63 21 32 21 28 20 33 58 37 3 22 64 36 11 68 66 43 20 20 31
50
14 29 20 2 19 34 30 33 10 36 11 31 22 23 3 0 16 42 21 26 6 17 34 8 38 43 39 28 34 5 7 35 21 4 13 27 1 18 40 12 45 37 9 25 41 15 2 32 44 24
14 29 34 19 30 10 11 36 31 33 22 2 20 42 16 0 3 23 17 34 34 21 13 4 35 45 12 40 37 18 1 27 7 5 25 9 28 15 2 32 41 39 44 43 24 38 8 6 26 21
63
28 34 0 27 43 26 6 2 19 31 14 15 28 28 27 41 20 27 12 33 28 37 28 29 10 19 25 5 21 0 36 35 4 24 30 7 19 27 27 18 3 28 40 22 9 39 28 13 2 38 11 16 42 32 19 8 1 17 27 27 27 23 22
34 27 26 2 6 43 14 31 15 28 19 0 28 28 12 28 37 28 10 29 33 19 27 20 25 41 5 21 0 36 24 4 35 27 7 30 19 27 27 40 9 22 39 28 28 11 16 38 2 32 27 27 22 23 27 17 1 8 19 42 13 3 18
70
10 60 34 39 41 57 38 42 44 5 50 52 55 37 22 51 16 33 8 33 31 54 45 1 53 49 2 27 22 6 46 7 15 24 0 19 11 26 29 2 35 3 36 20 43 19 56 32 28 12 2 14 59 40 18 58 23 13 5 25 10 17 48 30 25 47 9 4 25 21
60 10 41 39 34 38 57 42 44 55 52 22 51 33 16 45 54 31 33 8 37 50 49 53 1 5 22 46 6 7 27 24 19 0 11 29 26 2 15 2 36 3 35 43 20 32 12 14 59 18 13 10 25 5 23 58 40 17 2 28 48 56 19 30 25 47 25 4 21 9
59
33 25 22 23 29 27 38 43 51 31 48 2 47 14 49 50 28 11 13 32 10 45 0 44 42 12 41 24 20 31 40 5 34 26 21 16 53 37 3 4 39 36 30 35 6 52 31 1 19 9 15 28 8 13 17 7 46 18 6
33 25 29 23 27 22 43 2 48 47 50 28 49 32 13 10 44 0 45 11 14 41 20 21 26 37 4 3 53 16 34 5 39 40 35 1 19 28 15 8 9 31 52 13 6 7 46 17 18 6 30 36 31 24 12 42 31 51 38
100
48 25 37 61 8 0 34 49 69 25 64 69 20 69 6 64 2 35 65 58 3 31 53 10 29 25 25 2 22 65 42 59 27 25 21 54 26 43 64 46 60 2 63 66 70 37 44 17 37 2 19 69 33 18 30 15 69 14 50 23 47 63 28 25 41 57 38 37 67 11 52 13 36 65 39 68 62 64 2 40 5 63 45 16 64 7 25 69 4 55 13 56 12 32 32 37 1 51 9 24
61 37 8 34 64 20 69 69 6 64 65 58 35 2 25 69 49 0 31 3 53 10 29 25 25 25 48 2 22 65 59 25 27 21 42 54 26 43 64 46 66 63 70 2 60 37 44 17 2 33 69 18 30 14 69 15 47 23 63 28 25 57 41 38 11 52 39 62 2 63 45 16 5 64 40 7 64 68 65 36 13 13 55 4 12 56 69 32 32 25 67 37 50 19 37 1 37 51 24 9

//Saida(proxima linha deixada intencionalmente em branco):

OOYOOYOYYOYYOOOYOOOYOOYOYOOYOOYYYOOOYYOOOYOOYOOOOOYOYOYOOYYYOOOOYOOOOYYOOOOYOOYYYYYYYYYYYYYYYYYYYYYY 22
OYOOOOYOOYOYYYOOYYYYOYOYOYOOYYOYOOOYOOYOOYYOYYYYOOOYYYOOOYYOYYOOOYYYOYOYOOOOOYOOYOYOYYYYOOYYYYOYOYOY 6
OYOOOOYYYYOOOYYYOOYOOYYYOOYYOOOOOOYOOYOYYYOOYOYOOOYOOOYOOYYOYYYOOYYYYOYOYOYYYYYYOYOOYOYYOYOOYYOOOYOOYYOYOOOOYYYYOOYYYOYYOOOOOOOOYOOOYYOYYOYOYOYYOYOYYYYYYY 11
OOOYOYOOOYYYYOOOOYYYOOOYOYYOYYYOOYOYOOOOOOOOYYOOOOOYYOOYOYOYYOOYYYOOOYYOOYOYYOOYYYYOYYOYYYYOOOOOYYYYOOOOYYOOYOYYOYOYYOYYYOYYOOOYYYYOOOOYOYOOYOYYYYOYYYOYOYYYOOYYOYOOOOOOYYYYOOOYYYYY 13
OOOOYOYYYYOYOYOYOYOYOYOYOYOYOOOOOYOYOYYYOOYOOYYYYOOOYOOOYYOOYOYOYYYYYOOOYYOYYYOOYYOYOYOOOYOOYYOOOYYYOYOYOOYYYYOYOOOOOOOYOOYOYOOOYYOOYYOOYOOYYOOOYYYYYOYOYYYYOYOYOYYYYY 12
OYOYOOYYOYOYOYOYOOYOOYOYYOOYOYYOYYOOYOOOOYYOOOOYOYOOYOYOOYOOYYYYOOYOYOOYYOOYYYOOYYOOOYYOYOOYYYYOOYYOOYYOOOYYYYOYYYOYYY 10
OOYOYOYYOOOYYYOYOYOOOYYOYOYOYOYYOOYYOOOYYYOYOYOOOOOOOOOOOYOYOOYYOYOYOYYOYOOYOOOOYOOOYYYYYYYYYYYYYYYY 16
OOYYOOYYOYOYOOOOOYOYOOOYYOYYOOOOOOYOOYOYOYOYOOYYOYOYYYYYOOYOYOOOYYYOYYYOYYYOYOOYYOOYOYYOYYYYOOOYOOYYOYOYYY 12
OYOYOOYYOOOYYOOOOOOOOOYYOYYOOOYYYOYYOOOOOOYOOOOYYOYOOOOOYOYYYYYOOYYOOOYOYOYOOYOYOOYOOYYYOOYYYYYYOYYOYOOOYOYOOYOYOOOOOYOYYYYYYYOYOYYYOYOYYOOOYOOYYOOOYOOYYYYYYYOYYYYYYYYY 19
OOYOYOYYOYOOOOYOOYOYOYYYYOYYOYOYOOOOOYYOOYYYYOOYOYOOOYYOOOYOOYOOOOYYOYYOYYOOYOOYYYOYOOYOOYYYYOOYYOOOYYYOYOYYYYOOYYOYOYOOYOOOYOOYOYOYYYYYOYYY 10
OOOOYOOOYOOYYYOYYOOYYYYYOOYYOOOYOOYYOYYOYYOYOYOYOOOOOYYYYOYOOOYOYYYOYOOOOOYOOOYOYYOOOOOYYOYYYYYYYYYY 11
OOOOYYOYYOOOYYYOYYOOOOOYYOOYYOYOYOOYOYYYYOOYYOYYOOYOYOYOYYOOYOYOYOYYOOOOYOYYOYOOYYOOYYOYOYOOOYYOYYOOYOOYYOYOOYYOOOYOYYOYOYYOOOOOYOYYYOYYOYYOOOOYOYOYYYYOOOOOYYOYOYYYYYYY 8
OYOYOOYYOOOOYOYYYYOYOOYOYYOYOOYOOOOOYOYYYYYOOOYOOOOYOYYOYOYOYOYYOOYYOYYOYYOYYYOOOOYOOOOYOYYOOYYYOYYYOYYYOYOOOOOYYYYOYOOOOYYYOYOOYOYOOYYYYY 7
OYOOOOOOYOYYYYYOOYOYOYYYOYOOYYOOYOOOYYOOYOOOYYYOYOOYOOYOOOOOOOOOOYOYYYOYOYOYOOYOYYYYOYOOOOOOOYOYYYYOOOOYOYYYOYOYYYYYOYOYYOYYYOOYYOYYOYOOOYOOYOYOOYOOYYOYOYYOYYOYYYYYYYYYOOYYOYOOYOYYOOYY 17
OYOOOYYYOYOYOYOOYOYOYYOOYOYYOYOYOOYOYYOYOYOOOYOYYYOYOYOOYYOOYOYOYYOOYOOOYYOYOOYOOYOOOYYOYYYOOYYOOOOYOOYOYOYOYYOYOYOOYYOOOOOOOOYYOOYYOYYOOOYOYOOOYOOOOOOYOOYYYOYOOYOYOYOYYOYOOYYYYYYYYYYYYYYYYYYYYY 22
OYOYOOOOYYOYOOYOOYYOYYOYYYOOOOOYYYYYOOOOYOYOOOOOOYOOOOYOOYYYOOOOOOYYYOYYYYYYOOYYYOOYOYOYYYOYYOYYYYYY 16
OOYOOYOOYOOYYYOOOYYOYOYYYOYYOOOOOYOOOOYYYOOYYYOYYYOYYOYOYOYOYOOOYYYYOOYYOYOOYYOOOOYOOYYOYOYYOOOOYOYYYOOYOOOOOOOYYOOYYYYYYYYYYY 11
OOYYOOOYYYOOYYOYOYOOOOYYOOYOYOOYYOOOOOYYYYYYYOOOYYYYOOOYOOYYOYYOOYOOYYOYOOYYOYYYOOOYYYOOYYOOOYOOYOOYOYOOYOOOYOOOYYYYYYOYYYOYYYOYOYOYOOOYYOYY 10
OYOYOOOYYOYYOOYOOOOYYOYOOOYOYYOOOYYOYOOOYYYYYOOOYOOYOOOOOOYYOOOYOOYYYYYYOYYOOOYOOOOYOYOOOYYOYYYYOYYOOYOYYOYOYYYYYYYYYY 15
OOOOYYOYOOYOOOOYOOYOYYOYOYOOOYOYYYYYYYOOYYOYOYOYOOYYYYOYOYOYOOYOOYYOYYOYOYOYOYOYOOOOYYOYYYOYOYOYOOYOOOYYOYOYOOOYYYOOOYYOYOYOYOOYYOYOOOYOYOOOOYOOYOOYOOOYOYOYYOYYOYYYYYYOOOOOYYYOOYYYOOYYYYYYYOYOYYOYOOYY 13

