//Entrada (proxima linha deixada intencionalmente em branco):

197 9860
6 647
1522 1065
1077 1132
846 91
389 1521
329 1149
1514 1986
21 1610
461 867
1861 1657
443 1547
417 1420
259 1334
1078 129
1435 1717
380 1896
443 547
527 467
786 1702
1808 194
1681 1894
1913 1565
1109 84
1964 957
1108 155
927 344
590 134
520 1340
1998 1922
1850 966
1674 53
322 932
807 1480
828 1366
801 1722
1778 1384
604 1490
833 1734
281 1909
1320 1215
1158 1422
452 420
1387 456
73 50
1060 369
637 189
1428 99
1588 575
742 26
1330 735
1896 796
1125 5
1058 1572
1323 464
389 1694
642 1243
573 697
1894 1959
1221 698
382 1838
1697 1755
299 166
1798 959
1589 73
435 532
1435 23
1708 409
576 235
54 710
1096 836
1060 1852
1176 806
93 1349
1948 1204
1868 175
1292 1422
1221 1542
60 782
133 1577
1326 1736
351 157
264 658
1809 740
1392 565
1845 1739
765 370
1128 631
25 1069
1947 1404
1113 684
1864 1334
1992 407
1777 740
28 890
1641 1534
523 1831
315 1703
1710 925
895 30
1507 920
1590 1824
289 241
708 939
70 1403
698 260
482 578
376 1674
970 372
748 204
1696 844
946 1516
188 1490
1098 1717
1998 1615
673 727
1881 160
1250 1640
1148 1782
692 692
257 443
674 1923
22 1636
417 13
252 1816
650 354
1041 1945
1378 1396
1788 1817
1117 345
1875 1333
1784 922
1417 777
53 1617
751 1146
2001 386
1009 883
731 1886
1236 480
1696 1545
414 335
838 691
529 1998
1971 664
1256 12
1379 315
380 1716
103 1004
1130 709
778 990
800 1347
1088 1534
1214 110
1512 667
494 1543
1440 265
1026 965
696 1232
1370 630
640 551
808 1014
1843 756
7 1261
1652 308
813 1214
1825 448
416 1859
1989 417
345 421
1431 1368
521 603
1321 1331
1898 747
256 874
1653 1873
672 1986
169 776
214 43
1934 1511
1105 99
898 935
912 1041
1561 241
980 534
712 1960
487 426
1647 1643
473 1715
707 1672
615 1941
491 1564
1144 615
869 1828
1629 520
1087 1881
616 1836
1095 278
1871 956

// Saida (proxima linha deixada intencionalmente em branco):
53758
3 13 19 22 24 25 26 30 42 43 44 45 46 47 48 51 53 63 65 66 67 74 91 98 104 108 115 122 128 134 142 143 144 151 154 162 164 166 176 178 181 192 195

